[0][4][4][4][4][4][4][4][4][4][4][4][4][4][4][4][4][4][4][0]
[2][0][4][4][4][4][4][4][4][4][4][4][4][4][4][4][4][4][0][3]
[2][2][0][4][4][4][4][4][4][4][4][4][4][4][4][4][4][0][3][3]
[2][2][2][0][4][4][4][4][4][4][4][4][4][4][4][4][0][3][3][3]
[2][2][2][2][0][4][4][4][4][4][4][4][4][4][4][0][3][3][3][3]
[2][2][2][2][2][0][4][4][4][4][4][4][4][4][0][3][3][3][3][3]
[2][2][2][2][2][2][0][4][4][4][4][4][4][0][3][3][3][3][3][3]
[2][2][2][2][2][2][2][0][4][4][4][4][0][3][3][3][3][3][3][3]
[2][2][2][2][2][2][2][0][0][4][4][0][3][3][3][3][3][3][3][3]
[2][2][2][2][2][2][2][2][2][0][0][3][3][3][3][3][3][3][3][3]
[2][2][2][2][2][2][2][2][2][0][0][3][3][3][3][3][3][3][3][3]
[2][2][2][2][2][2][2][2][0][1][1][0][3][3][3][3][3][3][3][3]
[2][2][2][2][2][2][2][0][1][1][1][1][0][3][3][3][3][3][3][3]
[2][2][2][2][2][2][0][1][1][1][1][1][1][0][3][3][3][3][3][3]
[2][2][2][2][2][0][1][1][1][1][1][1][1][1][0][3][3][3][3][3]
[2][2][2][2][0][1][1][1][1][1][1][1][1][1][1][0][3][3][3][3]
[2][2][2][0][1][1][1][1][1][1][1][1][1][1][1][1][0][3][3][3]
[2][2][0][1][1][1][1][1][1][1][1][1][1][1][1][1][1][0][3][3]
[2][0][1][1][1][1][1][1][1][1][1][1][1][1][1][1][1][1][0][3]
[0][1][1][1][1][1][1][1][1][1][1][1][1][1][1][1][1][1][1][0]

if(y > (SIZE / 2 + 1))
	x > 1 + (SIZE - Y) && x < SIZE - (SIZE - Y)